(kicad_pcb (version 4) (host pcbnew 4.0.7-e2-6376~58~ubuntu16.04.1)

  (general
    (links 47)
    (no_connects 0)
    (area 71.368999 59.82928 208.715667 143.93968)
    (thickness 1.6)
    (drawings 112)
    (tracks 185)
    (zones 0)
    (modules 31)
    (nets 33)
  )

  (page A4)
  (layers
    (0 F.Cu signal)
    (31 B.Cu signal)
    (32 B.Adhes user)
    (33 F.Adhes user)
    (34 B.Paste user)
    (35 F.Paste user)
    (36 B.SilkS user)
    (37 F.SilkS user)
    (38 B.Mask user)
    (39 F.Mask user)
    (40 Dwgs.User user)
    (41 Cmts.User user)
    (42 Eco1.User user)
    (43 Eco2.User user)
    (44 Edge.Cuts user)
    (45 Margin user)
    (46 B.CrtYd user)
    (47 F.CrtYd user)
    (48 B.Fab user)
    (49 F.Fab user)
  )

  (setup
    (last_trace_width 0.5)
    (trace_clearance 0.3)
    (zone_clearance 0)
    (zone_45_only no)
    (trace_min 0.2)
    (segment_width 0.15)
    (edge_width 0.15)
    (via_size 1)
    (via_drill 0.4)
    (via_min_size 0.4)
    (via_min_drill 0.3)
    (uvia_size 0.3)
    (uvia_drill 0.1)
    (uvias_allowed no)
    (uvia_min_size 0.2)
    (uvia_min_drill 0.1)
    (pcb_text_width 0.3)
    (pcb_text_size 1.5 1.5)
    (mod_edge_width 0.15)
    (mod_text_size 1 1)
    (mod_text_width 0.15)
    (pad_size 7 7)
    (pad_drill 7)
    (pad_to_mask_clearance 0.2)
    (aux_axis_origin 0 0)
    (visible_elements 7FFFFFFF)
    (pcbplotparams
      (layerselection 0x010f0_80000001)
      (usegerberextensions false)
      (excludeedgelayer true)
      (linewidth 0.100000)
      (plotframeref false)
      (viasonmask false)
      (mode 1)
      (useauxorigin false)
      (hpglpennumber 1)
      (hpglpenspeed 20)
      (hpglpendiameter 15)
      (hpglpenoverlay 2)
      (psnegative false)
      (psa4output false)
      (plotreference true)
      (plotvalue true)
      (plotinvisibletext false)
      (padsonsilk false)
      (subtractmaskfromsilk false)
      (outputformat 1)
      (mirror false)
      (drillshape 0)
      (scaleselection 1)
      (outputdirectory Gerber/))
  )

  (net 0 "")
  (net 1 GND)
  (net 2 "Net-(C6-Pad2)")
  (net 3 "Net-(C6-Pad1)")
  (net 4 "Net-(C7-Pad2)")
  (net 5 "Net-(C7-Pad1)")
  (net 6 "Net-(C8-Pad1)")
  (net 7 "Net-(C8-Pad2)")
  (net 8 "Net-(R4-Pad1)")
  (net 9 "Net-(J1-Pad2)")
  (net 10 "Net-(J2-Pad2)")
  (net 11 "Net-(BT1-Pad2)")
  (net 12 "Net-(BT2-Pad2)")
  (net 13 "Net-(C5-Pad1)")
  (net 14 "Net-(R1-Pad1)")
  (net 15 "Net-(R4-Pad2)")
  (net 16 "Net-(R7-Pad2)")
  (net 17 "Net-(C1-Pad1)")
  (net 18 "Net-(C2-Pad2)")
  (net 19 "Net-(C3-Pad2)")
  (net 20 "Net-(C4-Pad1)")
  (net 21 "Net-(C4-Pad2)")
  (net 22 "Net-(C5-Pad2)")
  (net 23 "Net-(R1-Pad2)")
  (net 24 "Net-(R2-Pad2)")
  (net 25 "Net-(R3-Pad2)")
  (net 26 "Net-(BT1-Pad1)")
  (net 27 VCC)
  (net 28 "Net-(D1-Pad2)")
  (net 29 "Net-(BT1-Pad4)")
  (net 30 "Net-(SW2-Pad3)")
  (net 31 "Net-(U1-Pad5)")
  (net 32 "Net-(SW1-Pad3)")

  (net_class Default "This is the default net class."
    (clearance 0.3)
    (trace_width 0.5)
    (via_dia 1)
    (via_drill 0.4)
    (uvia_dia 0.3)
    (uvia_drill 0.1)
    (add_net GND)
    (add_net "Net-(BT1-Pad1)")
    (add_net "Net-(BT1-Pad2)")
    (add_net "Net-(BT1-Pad4)")
    (add_net "Net-(BT2-Pad2)")
    (add_net "Net-(C1-Pad1)")
    (add_net "Net-(C2-Pad2)")
    (add_net "Net-(C3-Pad2)")
    (add_net "Net-(C4-Pad1)")
    (add_net "Net-(C4-Pad2)")
    (add_net "Net-(C5-Pad1)")
    (add_net "Net-(C5-Pad2)")
    (add_net "Net-(C6-Pad1)")
    (add_net "Net-(C6-Pad2)")
    (add_net "Net-(C7-Pad1)")
    (add_net "Net-(C7-Pad2)")
    (add_net "Net-(C8-Pad1)")
    (add_net "Net-(C8-Pad2)")
    (add_net "Net-(D1-Pad2)")
    (add_net "Net-(J1-Pad2)")
    (add_net "Net-(J2-Pad2)")
    (add_net "Net-(R1-Pad1)")
    (add_net "Net-(R1-Pad2)")
    (add_net "Net-(R2-Pad2)")
    (add_net "Net-(R3-Pad2)")
    (add_net "Net-(R4-Pad1)")
    (add_net "Net-(R4-Pad2)")
    (add_net "Net-(R7-Pad2)")
    (add_net "Net-(SW1-Pad3)")
    (add_net "Net-(SW2-Pad3)")
    (add_net "Net-(U1-Pad5)")
    (add_net VCC)
  )

  (module GaudiLabsFootPrints:SWITCH_SLIDE (layer B.Cu) (tedit 5A91D2B3) (tstamp 59074852)
    (at 139.93 116.28 270)
    (path /5A91C049)
    (fp_text reference SW1 (at 4.116 -0.024 360) (layer B.SilkS)
      (effects (font (size 1 1) (thickness 0.15)) (justify mirror))
    )
    (fp_text value Switch (at 0.127 6.858 270) (layer B.Fab)
      (effects (font (size 1 1) (thickness 0.15)) (justify mirror))
    )
    (fp_line (start 6.1 2.8) (end -6.1 2.8) (layer B.SilkS) (width 0.15))
    (fp_line (start 6.1 -2.8) (end 6.1 2.8) (layer B.SilkS) (width 0.15))
    (fp_line (start -6.1 -2.8) (end 6.1 -2.8) (layer B.SilkS) (width 0.15))
    (fp_line (start -6.1 2.8) (end -6.1 -2.8) (layer B.SilkS) (width 0.15))
    (fp_line (start 3 1.5) (end -3 1.5) (layer B.SilkS) (width 0.15))
    (fp_line (start 3 -1.5) (end 3 1.5) (layer B.SilkS) (width 0.15))
    (fp_line (start -3 -1.5) (end 3 -1.5) (layer B.SilkS) (width 0.15))
    (fp_line (start -3 1.5) (end -3 -1.5) (layer B.SilkS) (width 0.15))
    (fp_line (start 0 1.5) (end 0 -1.5) (layer B.SilkS) (width 0.15))
    (pad "" thru_hole rect (at -5.85 0 180) (size 3.2 2) (drill oval 2.2 1) (layers *.Cu *.Mask))
    (pad "" thru_hole rect (at 5.85 0 180) (size 3.2 2) (drill oval 2.2 1) (layers *.Cu *.Mask))
    (pad 3 thru_hole circle (at 2.54 0 180) (size 1.8 1.8) (drill 0.85) (layers *.Cu *.Mask)
      (net 32 "Net-(SW1-Pad3)"))
    (pad 1 thru_hole circle (at -2.54 0 270) (size 1.8 1.8) (drill 0.85) (layers *.Cu *.Mask)
      (net 21 "Net-(C4-Pad2)"))
    (pad 2 thru_hole circle (at 0 0 270) (size 1.8 1.8) (drill 0.85) (layers *.Cu *.Mask)
      (net 20 "Net-(C4-Pad1)"))
  )

  (module GaudiLabsFootPrints:SWITCH_SLIDE (layer B.Cu) (tedit 5A91D32C) (tstamp 59074862)
    (at 140.02 83.92 270)
    (path /5A91C3B3)
    (fp_text reference SW2 (at 4.218 -0.061 360) (layer B.SilkS)
      (effects (font (size 1 1) (thickness 0.15)) (justify mirror))
    )
    (fp_text value Switch (at -7.593 0.066 360) (layer B.Fab)
      (effects (font (size 1 1) (thickness 0.15)) (justify mirror))
    )
    (fp_line (start 6.1 2.8) (end -6.1 2.8) (layer B.SilkS) (width 0.15))
    (fp_line (start 6.1 -2.8) (end 6.1 2.8) (layer B.SilkS) (width 0.15))
    (fp_line (start -6.1 -2.8) (end 6.1 -2.8) (layer B.SilkS) (width 0.15))
    (fp_line (start -6.1 2.8) (end -6.1 -2.8) (layer B.SilkS) (width 0.15))
    (fp_line (start 3 1.5) (end -3 1.5) (layer B.SilkS) (width 0.15))
    (fp_line (start 3 -1.5) (end 3 1.5) (layer B.SilkS) (width 0.15))
    (fp_line (start -3 -1.5) (end 3 -1.5) (layer B.SilkS) (width 0.15))
    (fp_line (start -3 1.5) (end -3 -1.5) (layer B.SilkS) (width 0.15))
    (fp_line (start 0 1.5) (end 0 -1.5) (layer B.SilkS) (width 0.15))
    (pad "" thru_hole rect (at -5.85 0 180) (size 3.2 2) (drill oval 2.2 1) (layers *.Cu *.Mask))
    (pad "" thru_hole rect (at 5.85 0 180) (size 3.2 2) (drill oval 2.2 1) (layers *.Cu *.Mask))
    (pad 3 thru_hole circle (at 2.54 0 180) (size 1.8 1.8) (drill 0.85) (layers *.Cu *.Mask)
      (net 30 "Net-(SW2-Pad3)"))
    (pad 1 thru_hole circle (at -2.54 0 270) (size 1.8 1.8) (drill 0.85) (layers *.Cu *.Mask)
      (net 26 "Net-(BT1-Pad1)"))
    (pad 2 thru_hole circle (at 0 0 270) (size 1.8 1.8) (drill 0.85) (layers *.Cu *.Mask)
      (net 27 VCC))
  )

  (module Capacitors_SMD:C_1206_HandSoldering (layer F.Cu) (tedit 5A91FE88) (tstamp 59076907)
    (at 133.604 114.046 270)
    (descr "Capacitor SMD 1206, hand soldering")
    (tags "capacitor 1206")
    (path /59035C38)
    (attr smd)
    (fp_text reference C1 (at 4.699 -0.127 360) (layer F.SilkS)
      (effects (font (size 1 1) (thickness 0.15)))
    )
    (fp_text value 10uF (at 6.477 -0.254 360) (layer F.SilkS)
      (effects (font (size 1 1) (thickness 0.15)))
    )
    (fp_line (start -1 1.025) (end 1 1.025) (layer F.SilkS) (width 0.15))
    (fp_line (start 1 -1.025) (end -1 -1.025) (layer F.SilkS) (width 0.15))
    (fp_line (start 3.3 -1.15) (end 3.3 1.15) (layer F.CrtYd) (width 0.05))
    (fp_line (start -3.3 -1.15) (end -3.3 1.15) (layer F.CrtYd) (width 0.05))
    (fp_line (start -3.3 1.15) (end 3.3 1.15) (layer F.CrtYd) (width 0.05))
    (fp_line (start -3.3 -1.15) (end 3.3 -1.15) (layer F.CrtYd) (width 0.05))
    (pad 2 smd rect (at 2 0 270) (size 2 1.6) (layers F.Cu F.Paste F.Mask)
      (net 1 GND))
    (pad 1 smd rect (at -2 0 270) (size 2 1.6) (layers F.Cu F.Paste F.Mask)
      (net 17 "Net-(C1-Pad1)"))
    (model Capacitors_SMD.3dshapes/C_1206_HandSoldering.wrl
      (at (xyz 0 0 0))
      (scale (xyz 1 1 1))
      (rotate (xyz 0 0 0))
    )
  )

  (module Capacitors_SMD:C_1206_HandSoldering (layer F.Cu) (tedit 5A91FE82) (tstamp 59076913)
    (at 146.558 113.792 90)
    (descr "Capacitor SMD 1206, hand soldering")
    (tags "capacitor 1206")
    (path /59033334)
    (attr smd)
    (fp_text reference C2 (at -4.572 -0.127 180) (layer F.SilkS)
      (effects (font (size 1 1) (thickness 0.15)))
    )
    (fp_text value 100nF (at -6.223 -0.508 180) (layer F.SilkS)
      (effects (font (size 1 1) (thickness 0.15)))
    )
    (fp_line (start -3.3 -1.15) (end 3.3 -1.15) (layer F.CrtYd) (width 0.05))
    (fp_line (start -3.3 1.15) (end 3.3 1.15) (layer F.CrtYd) (width 0.05))
    (fp_line (start -3.3 -1.15) (end -3.3 1.15) (layer F.CrtYd) (width 0.05))
    (fp_line (start 3.3 -1.15) (end 3.3 1.15) (layer F.CrtYd) (width 0.05))
    (fp_line (start 1 -1.025) (end -1 -1.025) (layer F.SilkS) (width 0.15))
    (fp_line (start -1 1.025) (end 1 1.025) (layer F.SilkS) (width 0.15))
    (pad 1 smd rect (at -2 0 90) (size 2 1.6) (layers F.Cu F.Paste F.Mask)
      (net 1 GND))
    (pad 2 smd rect (at 2 0 90) (size 2 1.6) (layers F.Cu F.Paste F.Mask)
      (net 18 "Net-(C2-Pad2)"))
    (model Capacitors_SMD.3dshapes/C_1206_HandSoldering.wrl
      (at (xyz 0 0 0))
      (scale (xyz 1 1 1))
      (rotate (xyz 0 0 0))
    )
  )

  (module Capacitors_SMD:C_1206_HandSoldering (layer F.Cu) (tedit 5A91FE7E) (tstamp 5907691F)
    (at 147.828 121.666 90)
    (descr "Capacitor SMD 1206, hand soldering")
    (tags "capacitor 1206")
    (path /59032E6A)
    (attr smd)
    (fp_text reference C3 (at -4.699 0 180) (layer F.SilkS)
      (effects (font (size 1 1) (thickness 0.15)))
    )
    (fp_text value 100nF (at -2.534 3.672 180) (layer F.SilkS)
      (effects (font (size 1 1) (thickness 0.15)))
    )
    (fp_line (start -3.3 -1.15) (end 3.3 -1.15) (layer F.CrtYd) (width 0.05))
    (fp_line (start -3.3 1.15) (end 3.3 1.15) (layer F.CrtYd) (width 0.05))
    (fp_line (start -3.3 -1.15) (end -3.3 1.15) (layer F.CrtYd) (width 0.05))
    (fp_line (start 3.3 -1.15) (end 3.3 1.15) (layer F.CrtYd) (width 0.05))
    (fp_line (start 1 -1.025) (end -1 -1.025) (layer F.SilkS) (width 0.15))
    (fp_line (start -1 1.025) (end 1 1.025) (layer F.SilkS) (width 0.15))
    (pad 1 smd rect (at -2 0 90) (size 2 1.6) (layers F.Cu F.Paste F.Mask)
      (net 1 GND))
    (pad 2 smd rect (at 2 0 90) (size 2 1.6) (layers F.Cu F.Paste F.Mask)
      (net 19 "Net-(C3-Pad2)"))
    (model Capacitors_SMD.3dshapes/C_1206_HandSoldering.wrl
      (at (xyz 0 0 0))
      (scale (xyz 1 1 1))
      (rotate (xyz 0 0 0))
    )
  )

  (module Capacitors_SMD:C_1206_HandSoldering (layer F.Cu) (tedit 5A91FEDE) (tstamp 5907692B)
    (at 147.828 85.852 270)
    (descr "Capacitor SMD 1206, hand soldering")
    (tags "capacitor 1206")
    (path /5903982D)
    (attr smd)
    (fp_text reference C4 (at 4.318 0 360) (layer F.SilkS)
      (effects (font (size 1 1) (thickness 0.15)))
    )
    (fp_text value 100nF (at -4.952 -0.372 360) (layer F.SilkS)
      (effects (font (size 1 1) (thickness 0.15)))
    )
    (fp_line (start -3.3 -1.15) (end 3.3 -1.15) (layer F.CrtYd) (width 0.05))
    (fp_line (start -3.3 1.15) (end 3.3 1.15) (layer F.CrtYd) (width 0.05))
    (fp_line (start -3.3 -1.15) (end -3.3 1.15) (layer F.CrtYd) (width 0.05))
    (fp_line (start 3.3 -1.15) (end 3.3 1.15) (layer F.CrtYd) (width 0.05))
    (fp_line (start 1 -1.025) (end -1 -1.025) (layer F.SilkS) (width 0.15))
    (fp_line (start -1 1.025) (end 1 1.025) (layer F.SilkS) (width 0.15))
    (pad 1 smd rect (at -2 0 270) (size 2 1.6) (layers F.Cu F.Paste F.Mask)
      (net 20 "Net-(C4-Pad1)"))
    (pad 2 smd rect (at 2 0 270) (size 2 1.6) (layers F.Cu F.Paste F.Mask)
      (net 21 "Net-(C4-Pad2)"))
    (model Capacitors_SMD.3dshapes/C_1206_HandSoldering.wrl
      (at (xyz 0 0 0))
      (scale (xyz 1 1 1))
      (rotate (xyz 0 0 0))
    )
  )

  (module Capacitors_SMD:C_1206_HandSoldering (layer F.Cu) (tedit 5A91FE76) (tstamp 59076937)
    (at 166.37 104.902 180)
    (descr "Capacitor SMD 1206, hand soldering")
    (tags "capacitor 1206")
    (path /59032C31)
    (attr smd)
    (fp_text reference C5 (at 0 -2.3 180) (layer F.SilkS)
      (effects (font (size 1 1) (thickness 0.15)))
    )
    (fp_text value 100nF (at 0 2.3 180) (layer F.SilkS)
      (effects (font (size 1 1) (thickness 0.15)))
    )
    (fp_line (start -1 1.025) (end 1 1.025) (layer F.SilkS) (width 0.15))
    (fp_line (start 1 -1.025) (end -1 -1.025) (layer F.SilkS) (width 0.15))
    (fp_line (start 3.3 -1.15) (end 3.3 1.15) (layer F.CrtYd) (width 0.05))
    (fp_line (start -3.3 -1.15) (end -3.3 1.15) (layer F.CrtYd) (width 0.05))
    (fp_line (start -3.3 1.15) (end 3.3 1.15) (layer F.CrtYd) (width 0.05))
    (fp_line (start -3.3 -1.15) (end 3.3 -1.15) (layer F.CrtYd) (width 0.05))
    (pad 2 smd rect (at 2 0 180) (size 2 1.6) (layers F.Cu F.Paste F.Mask)
      (net 22 "Net-(C5-Pad2)"))
    (pad 1 smd rect (at -2 0 180) (size 2 1.6) (layers F.Cu F.Paste F.Mask)
      (net 13 "Net-(C5-Pad1)"))
    (model Capacitors_SMD.3dshapes/C_1206_HandSoldering.wrl
      (at (xyz 0 0 0))
      (scale (xyz 1 1 1))
      (rotate (xyz 0 0 0))
    )
  )

  (module Capacitors_SMD:C_1206_HandSoldering (layer F.Cu) (tedit 5A91FEED) (tstamp 59076943)
    (at 146.05 75.946 270)
    (descr "Capacitor SMD 1206, hand soldering")
    (tags "capacitor 1206")
    (path /59033193)
    (attr smd)
    (fp_text reference C6 (at 0 -2.667 360) (layer F.SilkS)
      (effects (font (size 1 1) (thickness 0.15)))
    )
    (fp_text value 10uF (at 1.651 -3.556 360) (layer F.SilkS)
      (effects (font (size 1 1) (thickness 0.15)))
    )
    (fp_line (start -1 1.025) (end 1 1.025) (layer F.SilkS) (width 0.15))
    (fp_line (start 1 -1.025) (end -1 -1.025) (layer F.SilkS) (width 0.15))
    (fp_line (start 3.3 -1.15) (end 3.3 1.15) (layer F.CrtYd) (width 0.05))
    (fp_line (start -3.3 -1.15) (end -3.3 1.15) (layer F.CrtYd) (width 0.05))
    (fp_line (start -3.3 1.15) (end 3.3 1.15) (layer F.CrtYd) (width 0.05))
    (fp_line (start -3.3 -1.15) (end 3.3 -1.15) (layer F.CrtYd) (width 0.05))
    (pad 2 smd rect (at 2 0 270) (size 2 1.6) (layers F.Cu F.Paste F.Mask)
      (net 2 "Net-(C6-Pad2)"))
    (pad 1 smd rect (at -2 0 270) (size 2 1.6) (layers F.Cu F.Paste F.Mask)
      (net 3 "Net-(C6-Pad1)"))
    (model Capacitors_SMD.3dshapes/C_1206_HandSoldering.wrl
      (at (xyz 0 0 0))
      (scale (xyz 1 1 1))
      (rotate (xyz 0 0 0))
    )
  )

  (module Capacitors_SMD:C_1206_HandSoldering (layer F.Cu) (tedit 5A91FEC7) (tstamp 5907694F)
    (at 118.11 81.788)
    (descr "Capacitor SMD 1206, hand soldering")
    (tags "capacitor 1206")
    (path /59033BEE)
    (attr smd)
    (fp_text reference C7 (at 0 2.794) (layer F.SilkS)
      (effects (font (size 1 1) (thickness 0.15)))
    )
    (fp_text value 10uF (at 0 4.445) (layer F.SilkS)
      (effects (font (size 1 1) (thickness 0.15)))
    )
    (fp_line (start -1 1.025) (end 1 1.025) (layer F.SilkS) (width 0.15))
    (fp_line (start 1 -1.025) (end -1 -1.025) (layer F.SilkS) (width 0.15))
    (fp_line (start 3.3 -1.15) (end 3.3 1.15) (layer F.CrtYd) (width 0.05))
    (fp_line (start -3.3 -1.15) (end -3.3 1.15) (layer F.CrtYd) (width 0.05))
    (fp_line (start -3.3 1.15) (end 3.3 1.15) (layer F.CrtYd) (width 0.05))
    (fp_line (start -3.3 -1.15) (end 3.3 -1.15) (layer F.CrtYd) (width 0.05))
    (pad 2 smd rect (at 2 0) (size 2 1.6) (layers F.Cu F.Paste F.Mask)
      (net 4 "Net-(C7-Pad2)"))
    (pad 1 smd rect (at -2 0) (size 2 1.6) (layers F.Cu F.Paste F.Mask)
      (net 5 "Net-(C7-Pad1)"))
    (model Capacitors_SMD.3dshapes/C_1206_HandSoldering.wrl
      (at (xyz 0 0 0))
      (scale (xyz 1 1 1))
      (rotate (xyz 0 0 0))
    )
  )

  (module Capacitors_SMD:C_1206_HandSoldering (layer F.Cu) (tedit 5A91FE47) (tstamp 5907695B)
    (at 172.974 89.662 270)
    (descr "Capacitor SMD 1206, hand soldering")
    (tags "capacitor 1206")
    (path /5903124E)
    (attr smd)
    (fp_text reference C8 (at 4.826 -0.254 360) (layer F.SilkS)
      (effects (font (size 1 1) (thickness 0.15)))
    )
    (fp_text value 10uF (at 0.254 -3.556 360) (layer F.SilkS)
      (effects (font (size 1 1) (thickness 0.15)))
    )
    (fp_line (start -3.3 -1.15) (end 3.3 -1.15) (layer F.CrtYd) (width 0.05))
    (fp_line (start -3.3 1.15) (end 3.3 1.15) (layer F.CrtYd) (width 0.05))
    (fp_line (start -3.3 -1.15) (end -3.3 1.15) (layer F.CrtYd) (width 0.05))
    (fp_line (start 3.3 -1.15) (end 3.3 1.15) (layer F.CrtYd) (width 0.05))
    (fp_line (start 1 -1.025) (end -1 -1.025) (layer F.SilkS) (width 0.15))
    (fp_line (start -1 1.025) (end 1 1.025) (layer F.SilkS) (width 0.15))
    (pad 1 smd rect (at -2 0 270) (size 2 1.6) (layers F.Cu F.Paste F.Mask)
      (net 6 "Net-(C8-Pad1)"))
    (pad 2 smd rect (at 2 0 270) (size 2 1.6) (layers F.Cu F.Paste F.Mask)
      (net 7 "Net-(C8-Pad2)"))
    (model Capacitors_SMD.3dshapes/C_1206_HandSoldering.wrl
      (at (xyz 0 0 0))
      (scale (xyz 1 1 1))
      (rotate (xyz 0 0 0))
    )
  )

  (module Resistors_SMD:R_1206_HandSoldering (layer F.Cu) (tedit 5A91FE8F) (tstamp 59076967)
    (at 129.286 114.046 270)
    (descr "Resistor SMD 1206, hand soldering")
    (tags "resistor 1206")
    (path /59035E29)
    (attr smd)
    (fp_text reference R1 (at 4.572 -0.127 360) (layer F.SilkS)
      (effects (font (size 1 1) (thickness 0.15)))
    )
    (fp_text value 500R (at 6.35 0.254 360) (layer F.SilkS)
      (effects (font (size 1 1) (thickness 0.15)))
    )
    (fp_line (start -1 -1.075) (end 1 -1.075) (layer F.SilkS) (width 0.15))
    (fp_line (start 1 1.075) (end -1 1.075) (layer F.SilkS) (width 0.15))
    (fp_line (start 3.3 -1.2) (end 3.3 1.2) (layer F.CrtYd) (width 0.05))
    (fp_line (start -3.3 -1.2) (end -3.3 1.2) (layer F.CrtYd) (width 0.05))
    (fp_line (start -3.3 1.2) (end 3.3 1.2) (layer F.CrtYd) (width 0.05))
    (fp_line (start -3.3 -1.2) (end 3.3 -1.2) (layer F.CrtYd) (width 0.05))
    (pad 2 smd rect (at 2 0 270) (size 2 1.7) (layers F.Cu F.Paste F.Mask)
      (net 23 "Net-(R1-Pad2)"))
    (pad 1 smd rect (at -2 0 270) (size 2 1.7) (layers F.Cu F.Paste F.Mask)
      (net 14 "Net-(R1-Pad1)"))
    (model Resistors_SMD.3dshapes/R_1206_HandSoldering.wrl
      (at (xyz 0 0 0))
      (scale (xyz 1 1 1))
      (rotate (xyz 0 0 0))
    )
  )

  (module Resistors_SMD:R_1206_HandSoldering (layer F.Cu) (tedit 5A91FED6) (tstamp 59076973)
    (at 132.334 85.884 270)
    (descr "Resistor SMD 1206, hand soldering")
    (tags "resistor 1206")
    (path /59031053)
    (attr smd)
    (fp_text reference R2 (at 4.54 0 360) (layer F.SilkS)
      (effects (font (size 1 1) (thickness 0.15)))
    )
    (fp_text value 10k (at -4.35 0.127 360) (layer F.SilkS)
      (effects (font (size 1 1) (thickness 0.15)))
    )
    (fp_line (start -1 -1.075) (end 1 -1.075) (layer F.SilkS) (width 0.15))
    (fp_line (start 1 1.075) (end -1 1.075) (layer F.SilkS) (width 0.15))
    (fp_line (start 3.3 -1.2) (end 3.3 1.2) (layer F.CrtYd) (width 0.05))
    (fp_line (start -3.3 -1.2) (end -3.3 1.2) (layer F.CrtYd) (width 0.05))
    (fp_line (start -3.3 1.2) (end 3.3 1.2) (layer F.CrtYd) (width 0.05))
    (fp_line (start -3.3 -1.2) (end 3.3 -1.2) (layer F.CrtYd) (width 0.05))
    (pad 2 smd rect (at 2 0 270) (size 2 1.7) (layers F.Cu F.Paste F.Mask)
      (net 24 "Net-(R2-Pad2)"))
    (pad 1 smd rect (at -2 0 270) (size 2 1.7) (layers F.Cu F.Paste F.Mask)
      (net 3 "Net-(C6-Pad1)"))
    (model Resistors_SMD.3dshapes/R_1206_HandSoldering.wrl
      (at (xyz 0 0 0))
      (scale (xyz 1 1 1))
      (rotate (xyz 0 0 0))
    )
  )

  (module Resistors_SMD:R_1206_HandSoldering (layer F.Cu) (tedit 5A91FEF7) (tstamp 5907697F)
    (at 135.382 85.82 270)
    (descr "Resistor SMD 1206, hand soldering")
    (tags "resistor 1206")
    (path /5903116F)
    (attr smd)
    (fp_text reference R3 (at 4.604 0 360) (layer F.SilkS)
      (effects (font (size 1 1) (thickness 0.15)))
    )
    (fp_text value 10k (at -4.286 -0.127 360) (layer F.SilkS)
      (effects (font (size 1 1) (thickness 0.15)))
    )
    (fp_line (start -3.3 -1.2) (end 3.3 -1.2) (layer F.CrtYd) (width 0.05))
    (fp_line (start -3.3 1.2) (end 3.3 1.2) (layer F.CrtYd) (width 0.05))
    (fp_line (start -3.3 -1.2) (end -3.3 1.2) (layer F.CrtYd) (width 0.05))
    (fp_line (start 3.3 -1.2) (end 3.3 1.2) (layer F.CrtYd) (width 0.05))
    (fp_line (start 1 1.075) (end -1 1.075) (layer F.SilkS) (width 0.15))
    (fp_line (start -1 -1.075) (end 1 -1.075) (layer F.SilkS) (width 0.15))
    (pad 1 smd rect (at -2 0 270) (size 2 1.7) (layers F.Cu F.Paste F.Mask)
      (net 3 "Net-(C6-Pad1)"))
    (pad 2 smd rect (at 2 0 270) (size 2 1.7) (layers F.Cu F.Paste F.Mask)
      (net 25 "Net-(R3-Pad2)"))
    (model Resistors_SMD.3dshapes/R_1206_HandSoldering.wrl
      (at (xyz 0 0 0))
      (scale (xyz 1 1 1))
      (rotate (xyz 0 0 0))
    )
  )

  (module Resistors_SMD:R_1206_HandSoldering (layer F.Cu) (tedit 5A91FE98) (tstamp 5907698B)
    (at 152.908 102.87 90)
    (descr "Resistor SMD 1206, hand soldering")
    (tags "resistor 1206")
    (path /590324B0)
    (attr smd)
    (fp_text reference R4 (at 1.17 2.492 180) (layer F.SilkS)
      (effects (font (size 1 1) (thickness 0.15)))
    )
    (fp_text value 10k (at -1.03 2.792 180) (layer F.SilkS)
      (effects (font (size 1 1) (thickness 0.15)))
    )
    (fp_line (start -3.3 -1.2) (end 3.3 -1.2) (layer F.CrtYd) (width 0.05))
    (fp_line (start -3.3 1.2) (end 3.3 1.2) (layer F.CrtYd) (width 0.05))
    (fp_line (start -3.3 -1.2) (end -3.3 1.2) (layer F.CrtYd) (width 0.05))
    (fp_line (start 3.3 -1.2) (end 3.3 1.2) (layer F.CrtYd) (width 0.05))
    (fp_line (start 1 1.075) (end -1 1.075) (layer F.SilkS) (width 0.15))
    (fp_line (start -1 -1.075) (end 1 -1.075) (layer F.SilkS) (width 0.15))
    (pad 1 smd rect (at -2 0 90) (size 2 1.7) (layers F.Cu F.Paste F.Mask)
      (net 8 "Net-(R4-Pad1)"))
    (pad 2 smd rect (at 2 0 90) (size 2 1.7) (layers F.Cu F.Paste F.Mask)
      (net 15 "Net-(R4-Pad2)"))
    (model Resistors_SMD.3dshapes/R_1206_HandSoldering.wrl
      (at (xyz 0 0 0))
      (scale (xyz 1 1 1))
      (rotate (xyz 0 0 0))
    )
  )

  (module Resistors_SMD:R_1206_HandSoldering (layer F.Cu) (tedit 5A91FEDA) (tstamp 59076997)
    (at 144.78 85.852 270)
    (descr "Resistor SMD 1206, hand soldering")
    (tags "resistor 1206")
    (path /59031A05)
    (attr smd)
    (fp_text reference R5 (at 4.064 0 360) (layer F.SilkS)
      (effects (font (size 1 1) (thickness 0.15)))
    )
    (fp_text value 100k (at -4.952 0.88 360) (layer F.SilkS)
      (effects (font (size 1 1) (thickness 0.15)))
    )
    (fp_line (start -3.3 -1.2) (end 3.3 -1.2) (layer F.CrtYd) (width 0.05))
    (fp_line (start -3.3 1.2) (end 3.3 1.2) (layer F.CrtYd) (width 0.05))
    (fp_line (start -3.3 -1.2) (end -3.3 1.2) (layer F.CrtYd) (width 0.05))
    (fp_line (start 3.3 -1.2) (end 3.3 1.2) (layer F.CrtYd) (width 0.05))
    (fp_line (start 1 1.075) (end -1 1.075) (layer F.SilkS) (width 0.15))
    (fp_line (start -1 -1.075) (end 1 -1.075) (layer F.SilkS) (width 0.15))
    (pad 1 smd rect (at -2 0 270) (size 2 1.7) (layers F.Cu F.Paste F.Mask)
      (net 2 "Net-(C6-Pad2)"))
    (pad 2 smd rect (at 2 0 270) (size 2 1.7) (layers F.Cu F.Paste F.Mask)
      (net 8 "Net-(R4-Pad1)"))
    (model Resistors_SMD.3dshapes/R_1206_HandSoldering.wrl
      (at (xyz 0 0 0))
      (scale (xyz 1 1 1))
      (rotate (xyz 0 0 0))
    )
  )

  (module Resistors_SMD:R_1206_HandSoldering (layer F.Cu) (tedit 5A91FF02) (tstamp 590769A3)
    (at 118.11 78.74)
    (descr "Resistor SMD 1206, hand soldering")
    (tags "resistor 1206")
    (path /59033BE8)
    (attr smd)
    (fp_text reference R6 (at 0 -2.3) (layer F.SilkS)
      (effects (font (size 1 1) (thickness 0.15)))
    )
    (fp_text value R (at 0 -4.064) (layer F.SilkS)
      (effects (font (size 1 1) (thickness 0.15)))
    )
    (fp_line (start -3.3 -1.2) (end 3.3 -1.2) (layer F.CrtYd) (width 0.05))
    (fp_line (start -3.3 1.2) (end 3.3 1.2) (layer F.CrtYd) (width 0.05))
    (fp_line (start -3.3 -1.2) (end -3.3 1.2) (layer F.CrtYd) (width 0.05))
    (fp_line (start 3.3 -1.2) (end 3.3 1.2) (layer F.CrtYd) (width 0.05))
    (fp_line (start 1 1.075) (end -1 1.075) (layer F.SilkS) (width 0.15))
    (fp_line (start -1 -1.075) (end 1 -1.075) (layer F.SilkS) (width 0.15))
    (pad 1 smd rect (at -2 0) (size 2 1.7) (layers F.Cu F.Paste F.Mask)
      (net 4 "Net-(C7-Pad2)"))
    (pad 2 smd rect (at 2 0) (size 2 1.7) (layers F.Cu F.Paste F.Mask)
      (net 3 "Net-(C6-Pad1)"))
    (model Resistors_SMD.3dshapes/R_1206_HandSoldering.wrl
      (at (xyz 0 0 0))
      (scale (xyz 1 1 1))
      (rotate (xyz 0 0 0))
    )
  )

  (module Resistors_SMD:R_1206_HandSoldering (layer F.Cu) (tedit 5A91FF09) (tstamp 590769AF)
    (at 169.672 89.662 270)
    (descr "Resistor SMD 1206, hand soldering")
    (tags "resistor 1206")
    (path /590311CE)
    (attr smd)
    (fp_text reference R7 (at 4.826 0 360) (layer F.SilkS)
      (effects (font (size 1 1) (thickness 0.15)))
    )
    (fp_text value R (at 0.18288 2.20472 360) (layer F.SilkS)
      (effects (font (size 1 1) (thickness 0.15)))
    )
    (fp_line (start -1 -1.075) (end 1 -1.075) (layer F.SilkS) (width 0.15))
    (fp_line (start 1 1.075) (end -1 1.075) (layer F.SilkS) (width 0.15))
    (fp_line (start 3.3 -1.2) (end 3.3 1.2) (layer F.CrtYd) (width 0.05))
    (fp_line (start -3.3 -1.2) (end -3.3 1.2) (layer F.CrtYd) (width 0.05))
    (fp_line (start -3.3 1.2) (end 3.3 1.2) (layer F.CrtYd) (width 0.05))
    (fp_line (start -3.3 -1.2) (end 3.3 -1.2) (layer F.CrtYd) (width 0.05))
    (pad 2 smd rect (at 2 0 270) (size 2 1.7) (layers F.Cu F.Paste F.Mask)
      (net 16 "Net-(R7-Pad2)"))
    (pad 1 smd rect (at -2 0 270) (size 2 1.7) (layers F.Cu F.Paste F.Mask)
      (net 7 "Net-(C8-Pad2)"))
    (model Resistors_SMD.3dshapes/R_1206_HandSoldering.wrl
      (at (xyz 0 0 0))
      (scale (xyz 1 1 1))
      (rotate (xyz 0 0 0))
    )
  )

  (module Resistors_SMD:R_1206_HandSoldering (layer F.Cu) (tedit 5A91FEFC) (tstamp 590A3A57)
    (at 133.604 75.946 270)
    (descr "Resistor SMD 1206, hand soldering")
    (tags "resistor 1206")
    (path /590526C6)
    (attr smd)
    (fp_text reference R8 (at 0.254 2.794 360) (layer F.SilkS)
      (effects (font (size 1 1) (thickness 0.15)))
    )
    (fp_text value R (at 1.651 2.667 360) (layer F.SilkS)
      (effects (font (size 1 1) (thickness 0.15)))
    )
    (fp_line (start -3.3 -1.2) (end 3.3 -1.2) (layer F.CrtYd) (width 0.05))
    (fp_line (start -3.3 1.2) (end 3.3 1.2) (layer F.CrtYd) (width 0.05))
    (fp_line (start -3.3 -1.2) (end -3.3 1.2) (layer F.CrtYd) (width 0.05))
    (fp_line (start 3.3 -1.2) (end 3.3 1.2) (layer F.CrtYd) (width 0.05))
    (fp_line (start 1 1.075) (end -1 1.075) (layer F.SilkS) (width 0.15))
    (fp_line (start -1 -1.075) (end 1 -1.075) (layer F.SilkS) (width 0.15))
    (pad 1 smd rect (at -2 0 270) (size 2 1.7) (layers F.Cu F.Paste F.Mask)
      (net 28 "Net-(D1-Pad2)"))
    (pad 2 smd rect (at 2 0 270) (size 2 1.7) (layers F.Cu F.Paste F.Mask)
      (net 27 VCC))
    (model Resistors_SMD.3dshapes/R_1206_HandSoldering.wrl
      (at (xyz 0 0 0))
      (scale (xyz 1 1 1))
      (rotate (xyz 0 0 0))
    )
  )

  (module GaudiLabsFootPrints:PLUG3_5_SwitchCraft_2B (layer F.Cu) (tedit 5A91FECD) (tstamp 5A918206)
    (at 108 69)
    (path /59033BF4)
    (fp_text reference J1 (at -5.765 8.597) (layer F.SilkS)
      (effects (font (size 1 1) (thickness 0.15)))
    )
    (fp_text value IN (at -5.765 6.057) (layer F.SilkS)
      (effects (font (size 1 1) (thickness 0.15)))
    )
    (fp_circle (center 0 10.5) (end 0.75 10.5) (layer F.Fab) (width 0.05))
    (fp_circle (center 0 3.5) (end 0.75 3.5) (layer F.Fab) (width 0.05))
    (fp_line (start -3 14.5) (end 3 14.5) (layer F.SilkS) (width 0.05))
    (fp_line (start -2.5 0) (end -2.5 -2.5) (layer F.SilkS) (width 0.05))
    (fp_line (start 2.5 -2.5) (end -2.5 -2.5) (layer F.SilkS) (width 0.05))
    (fp_line (start 2.5 -2.5) (end 2.5 0) (layer F.SilkS) (width 0.05))
    (fp_line (start -3 0) (end 3 0) (layer F.SilkS) (width 0.05))
    (fp_line (start 3 0) (end 3 14.5) (layer F.SilkS) (width 0.05))
    (fp_line (start -3 14.5) (end -3 0) (layer F.SilkS) (width 0.05))
    (pad 3 smd rect (at -3.575 11.7) (size 2.75 2.9) (layers F.Cu F.Paste F.Mask)
      (net 5 "Net-(C7-Pad1)"))
    (pad 1 smd rect (at -3.675 2.4) (size 2.55 2.4) (layers F.Cu F.Paste F.Mask)
      (net 1 GND))
    (pad 2 smd rect (at 3.675 4.3) (size 2.55 2.4) (layers F.Cu F.Paste F.Mask)
      (net 9 "Net-(J1-Pad2)"))
    (pad "" thru_hole circle (at 0 3.5) (size 1.6 1.6) (drill 1.6) (layers *.Cu *.Mask F.SilkS))
    (pad "" thru_hole circle (at 0 10.5) (size 1.6 1.6) (drill 1.6) (layers *.Cu *.Mask F.SilkS))
  )

  (module GaudiLabsFootPrints:PLUG3_5_SwitchCraft_2B (layer F.Cu) (tedit 5A91FE6D) (tstamp 5A91820E)
    (at 172 69)
    (path /590315A7)
    (fp_text reference J2 (at 4.403 10.883) (layer F.SilkS)
      (effects (font (size 1 1) (thickness 0.15)))
    )
    (fp_text value OUT (at 5.038 8.597) (layer F.SilkS)
      (effects (font (size 1 1) (thickness 0.15)))
    )
    (fp_circle (center 0 10.5) (end 0.75 10.5) (layer F.Fab) (width 0.05))
    (fp_circle (center 0 3.5) (end 0.75 3.5) (layer F.Fab) (width 0.05))
    (fp_line (start -3 14.5) (end 3 14.5) (layer F.SilkS) (width 0.05))
    (fp_line (start -2.5 0) (end -2.5 -2.5) (layer F.SilkS) (width 0.05))
    (fp_line (start 2.5 -2.5) (end -2.5 -2.5) (layer F.SilkS) (width 0.05))
    (fp_line (start 2.5 -2.5) (end 2.5 0) (layer F.SilkS) (width 0.05))
    (fp_line (start -3 0) (end 3 0) (layer F.SilkS) (width 0.05))
    (fp_line (start 3 0) (end 3 14.5) (layer F.SilkS) (width 0.05))
    (fp_line (start -3 14.5) (end -3 0) (layer F.SilkS) (width 0.05))
    (pad 3 smd rect (at -3.575 11.7) (size 2.75 2.9) (layers F.Cu F.Paste F.Mask)
      (net 6 "Net-(C8-Pad1)"))
    (pad 1 smd rect (at -3.675 2.4) (size 2.55 2.4) (layers F.Cu F.Paste F.Mask)
      (net 1 GND))
    (pad 2 smd rect (at 3.675 4.3) (size 2.55 2.4) (layers F.Cu F.Paste F.Mask)
      (net 10 "Net-(J2-Pad2)"))
    (pad "" thru_hole circle (at 0 3.5) (size 1.6 1.6) (drill 1.6) (layers *.Cu *.Mask F.SilkS))
    (pad "" thru_hole circle (at 0 10.5) (size 1.6 1.6) (drill 1.6) (layers *.Cu *.Mask F.SilkS))
  )

  (module GaudiLabsFootPrints:BAT_HOLDER_AAA_DOUBLE (layer F.Cu) (tedit 5A91FEBF) (tstamp 5A9181FF)
    (at 84.5 100 270)
    (path /5A919AC0)
    (fp_text reference BT2 (at 24.714 -13.417 360) (layer F.SilkS)
      (effects (font (size 1 1) (thickness 0.15)))
    )
    (fp_text value BatteryCell2x (at 22.682 -16.973 360) (layer F.SilkS)
      (effects (font (size 1 1) (thickness 0.15)))
    )
    (fp_line (start -10.8 4.8) (end -10.8 5.2) (layer F.SilkS) (width 0.1524))
    (fp_line (start -11.2 4.8) (end -10.8 4.8) (layer F.SilkS) (width 0.1524))
    (fp_line (start -11.2 5.2) (end -11.2 4.8) (layer F.SilkS) (width 0.1524))
    (fp_line (start -11.7 5.7) (end -11.7 5.2) (layer F.SilkS) (width 0.1524))
    (fp_line (start -11.2 6.1) (end -11.2 5.7) (layer F.SilkS) (width 0.1524))
    (fp_line (start -10.8 6.1) (end -11.2 6.1) (layer F.SilkS) (width 0.1524))
    (fp_line (start -10.8 5.7) (end -10.8 6.1) (layer F.SilkS) (width 0.1524))
    (fp_line (start -10.3 5.7) (end -10.8 5.7) (layer F.SilkS) (width 0.1524))
    (fp_line (start -10.3 5.2) (end -10.3 5.7) (layer F.SilkS) (width 0.1524))
    (fp_line (start -10.8 5.2) (end -10.3 5.2) (layer F.SilkS) (width 0.1524))
    (fp_line (start -11.2 5.2) (end -11.7 5.2) (layer F.SilkS) (width 0.1524))
    (fp_line (start -11.7 5.7) (end -11.2 5.7) (layer F.SilkS) (width 0.1524))
    (fp_line (start 10.2 -5.2) (end 10.7 -5.2) (layer F.SilkS) (width 0.1524))
    (fp_line (start 10.7 -5.7) (end 10.2 -5.7) (layer F.SilkS) (width 0.1524))
    (fp_line (start 11.1 -5.7) (end 11.6 -5.7) (layer F.SilkS) (width 0.1524))
    (fp_line (start 11.6 -5.7) (end 11.6 -5.2) (layer F.SilkS) (width 0.1524))
    (fp_line (start 11.6 -5.2) (end 11.1 -5.2) (layer F.SilkS) (width 0.1524))
    (fp_line (start 11.1 -5.2) (end 11.1 -4.8) (layer F.SilkS) (width 0.1524))
    (fp_line (start 11.1 -4.8) (end 10.7 -4.8) (layer F.SilkS) (width 0.1524))
    (fp_line (start 10.7 -4.8) (end 10.7 -5.2) (layer F.SilkS) (width 0.1524))
    (fp_line (start 10.2 -5.2) (end 10.2 -5.7) (layer F.SilkS) (width 0.1524))
    (fp_line (start 10.7 -5.7) (end 10.7 -6.1) (layer F.SilkS) (width 0.1524))
    (fp_line (start 10.7 -6.1) (end 11.1 -6.1) (layer F.SilkS) (width 0.1524))
    (fp_line (start 11.1 -6.1) (end 11.1 -5.7) (layer F.SilkS) (width 0.1524))
    (fp_line (start 12.9 -3.4) (end -14.1 -3.4) (layer F.SilkS) (width 0.1524))
    (fp_line (start 12.9 -7.4) (end 12.9 -3.4) (layer F.SilkS) (width 0.1524))
    (fp_line (start 13.9 -4.4) (end 12.9 -4.4) (layer F.SilkS) (width 0.1524))
    (fp_line (start 13.9 -4.4) (end 13.9 -6.4) (layer F.SilkS) (width 0.1524))
    (fp_line (start 12.9 -6.4) (end 13.9 -6.4) (layer F.SilkS) (width 0.1524))
    (fp_line (start -14.1 -7.4) (end 12.9 -7.4) (layer F.SilkS) (width 0.1524))
    (fp_line (start -14.1 -7.4) (end -14.1 -3.4) (layer F.SilkS) (width 0.1524))
    (fp_line (start 13.85 7.45) (end 13.85 3.45) (layer F.SilkS) (width 0.1524))
    (fp_line (start 13.85 7.45) (end -13.15 7.45) (layer F.SilkS) (width 0.1524))
    (fp_line (start -13.15 6.45) (end -14.15 6.45) (layer F.SilkS) (width 0.1524))
    (fp_line (start -14.15 4.45) (end -14.15 6.45) (layer F.SilkS) (width 0.1524))
    (fp_line (start -14.15 4.45) (end -13.15 4.45) (layer F.SilkS) (width 0.1524))
    (fp_line (start -13.15 7.45) (end -13.15 3.45) (layer F.SilkS) (width 0.1524))
    (fp_line (start -13.15 3.45) (end 13.85 3.45) (layer F.SilkS) (width 0.1524))
    (fp_line (start -27.18 -11.12) (end -27.18 11.12) (layer F.SilkS) (width 0.15))
    (fp_line (start -27.18 11.12) (end 27.18 11.12) (layer F.SilkS) (width 0.15))
    (fp_line (start 27.18 11.12) (end 27.18 -11.12) (layer F.SilkS) (width 0.15))
    (fp_line (start -27.18 -11.12) (end 27.18 -11.12) (layer F.SilkS) (width 0.15))
    (fp_line (start 31 -5.45) (end -31 -5.45) (layer Eco2.User) (width 0.1524))
    (fp_line (start 32 5.45) (end -32 5.45) (layer Eco2.User) (width 0.1524))
    (pad 2 smd rect (at -29.5 -5.45 270) (size 4 7) (layers F.Cu F.Paste F.Mask)
      (net 12 "Net-(BT2-Pad2)"))
    (pad 1 smd rect (at 29.5 -5.45 270) (size 4 7) (layers F.Cu F.Paste F.Mask)
      (net 29 "Net-(BT1-Pad4)"))
    (pad 3 smd rect (at -29.5 5.45 270) (size 4 7) (layers F.Cu F.Paste F.Mask)
      (net 12 "Net-(BT2-Pad2)"))
    (pad 4 smd rect (at 29.5 5.45 270) (size 4 7) (layers F.Cu F.Paste F.Mask)
      (net 1 GND))
  )

  (module GaudiLabsFootPrints:BAT_HOLDER_AAA_DOUBLE (layer F.Cu) (tedit 5A91FF1B) (tstamp 5A9181F8)
    (at 195.5 100 270)
    (path /5A919465)
    (fp_text reference BT1 (at 24.968 13.128 360) (layer F.SilkS)
      (effects (font (size 1 1) (thickness 0.15)))
    )
    (fp_text value BatteryCell2x (at 23.063 16.684 360) (layer F.SilkS)
      (effects (font (size 1 1) (thickness 0.15)))
    )
    (fp_line (start -10.8 4.8) (end -10.8 5.2) (layer F.SilkS) (width 0.1524))
    (fp_line (start -11.2 4.8) (end -10.8 4.8) (layer F.SilkS) (width 0.1524))
    (fp_line (start -11.2 5.2) (end -11.2 4.8) (layer F.SilkS) (width 0.1524))
    (fp_line (start -11.7 5.7) (end -11.7 5.2) (layer F.SilkS) (width 0.1524))
    (fp_line (start -11.2 6.1) (end -11.2 5.7) (layer F.SilkS) (width 0.1524))
    (fp_line (start -10.8 6.1) (end -11.2 6.1) (layer F.SilkS) (width 0.1524))
    (fp_line (start -10.8 5.7) (end -10.8 6.1) (layer F.SilkS) (width 0.1524))
    (fp_line (start -10.3 5.7) (end -10.8 5.7) (layer F.SilkS) (width 0.1524))
    (fp_line (start -10.3 5.2) (end -10.3 5.7) (layer F.SilkS) (width 0.1524))
    (fp_line (start -10.8 5.2) (end -10.3 5.2) (layer F.SilkS) (width 0.1524))
    (fp_line (start -11.2 5.2) (end -11.7 5.2) (layer F.SilkS) (width 0.1524))
    (fp_line (start -11.7 5.7) (end -11.2 5.7) (layer F.SilkS) (width 0.1524))
    (fp_line (start 10.2 -5.2) (end 10.7 -5.2) (layer F.SilkS) (width 0.1524))
    (fp_line (start 10.7 -5.7) (end 10.2 -5.7) (layer F.SilkS) (width 0.1524))
    (fp_line (start 11.1 -5.7) (end 11.6 -5.7) (layer F.SilkS) (width 0.1524))
    (fp_line (start 11.6 -5.7) (end 11.6 -5.2) (layer F.SilkS) (width 0.1524))
    (fp_line (start 11.6 -5.2) (end 11.1 -5.2) (layer F.SilkS) (width 0.1524))
    (fp_line (start 11.1 -5.2) (end 11.1 -4.8) (layer F.SilkS) (width 0.1524))
    (fp_line (start 11.1 -4.8) (end 10.7 -4.8) (layer F.SilkS) (width 0.1524))
    (fp_line (start 10.7 -4.8) (end 10.7 -5.2) (layer F.SilkS) (width 0.1524))
    (fp_line (start 10.2 -5.2) (end 10.2 -5.7) (layer F.SilkS) (width 0.1524))
    (fp_line (start 10.7 -5.7) (end 10.7 -6.1) (layer F.SilkS) (width 0.1524))
    (fp_line (start 10.7 -6.1) (end 11.1 -6.1) (layer F.SilkS) (width 0.1524))
    (fp_line (start 11.1 -6.1) (end 11.1 -5.7) (layer F.SilkS) (width 0.1524))
    (fp_line (start 12.9 -3.4) (end -14.1 -3.4) (layer F.SilkS) (width 0.1524))
    (fp_line (start 12.9 -7.4) (end 12.9 -3.4) (layer F.SilkS) (width 0.1524))
    (fp_line (start 13.9 -4.4) (end 12.9 -4.4) (layer F.SilkS) (width 0.1524))
    (fp_line (start 13.9 -4.4) (end 13.9 -6.4) (layer F.SilkS) (width 0.1524))
    (fp_line (start 12.9 -6.4) (end 13.9 -6.4) (layer F.SilkS) (width 0.1524))
    (fp_line (start -14.1 -7.4) (end 12.9 -7.4) (layer F.SilkS) (width 0.1524))
    (fp_line (start -14.1 -7.4) (end -14.1 -3.4) (layer F.SilkS) (width 0.1524))
    (fp_line (start 13.85 7.45) (end 13.85 3.45) (layer F.SilkS) (width 0.1524))
    (fp_line (start 13.85 7.45) (end -13.15 7.45) (layer F.SilkS) (width 0.1524))
    (fp_line (start -13.15 6.45) (end -14.15 6.45) (layer F.SilkS) (width 0.1524))
    (fp_line (start -14.15 4.45) (end -14.15 6.45) (layer F.SilkS) (width 0.1524))
    (fp_line (start -14.15 4.45) (end -13.15 4.45) (layer F.SilkS) (width 0.1524))
    (fp_line (start -13.15 7.45) (end -13.15 3.45) (layer F.SilkS) (width 0.1524))
    (fp_line (start -13.15 3.45) (end 13.85 3.45) (layer F.SilkS) (width 0.1524))
    (fp_line (start -27.18 -11.12) (end -27.18 11.12) (layer F.SilkS) (width 0.15))
    (fp_line (start -27.18 11.12) (end 27.18 11.12) (layer F.SilkS) (width 0.15))
    (fp_line (start 27.18 11.12) (end 27.18 -11.12) (layer F.SilkS) (width 0.15))
    (fp_line (start -27.18 -11.12) (end 27.18 -11.12) (layer F.SilkS) (width 0.15))
    (fp_line (start 31 -5.45) (end -31 -5.45) (layer Eco2.User) (width 0.1524))
    (fp_line (start 32 5.45) (end -32 5.45) (layer Eco2.User) (width 0.1524))
    (pad 2 smd rect (at -29.5 -5.45 270) (size 4 7) (layers F.Cu F.Paste F.Mask)
      (net 11 "Net-(BT1-Pad2)"))
    (pad 1 smd rect (at 29.5 -5.45 270) (size 4 7) (layers F.Cu F.Paste F.Mask)
      (net 26 "Net-(BT1-Pad1)"))
    (pad 3 smd rect (at -29.5 5.45 270) (size 4 7) (layers F.Cu F.Paste F.Mask)
      (net 11 "Net-(BT1-Pad2)"))
    (pad 4 smd rect (at 29.5 5.45 270) (size 4 7) (layers F.Cu F.Paste F.Mask)
      (net 29 "Net-(BT1-Pad4)"))
  )

  (module GaudiLabsFootPrints:DIL16_SMD (layer F.Cu) (tedit 5A91FE94) (tstamp 5A91A72C)
    (at 140 100)
    (path /59030B39)
    (fp_text reference U1 (at -11.73 4.775) (layer F.SilkS)
      (effects (font (size 1 1) (thickness 0.15)))
    )
    (fp_text value PT2399 (at -13.254 6.934) (layer F.SilkS)
      (effects (font (size 1 1) (thickness 0.15)))
    )
    (fp_arc (start -10.1 0) (end -9.2 0) (angle 90) (layer F.SilkS) (width 0.1524))
